packetSent:vector(packetBytes) MyClientServer.server.app[0] (#0 - General-0-20220119-14:01:00-59065),
0.00000578,1072
0.00001102,1072
0.000015684,1072
0.0000211,1072
0.000025764,1072
0.000030428,1072
0.000035092,1072
0.00004126,1072
0.000045924,1072
0.000050588,1072
0.000055252,1072
0.000059916,1072
0.00006458,1072
0.000069244,1072
0.000074284,1072
0.00008158,1072
0.000086244,1072
0.000090908,1072
0.000095572,1072
0.000100236,1072
0.0001049,1072
0.000109564,1072
0.000114228,1072
0.000118892,1072
0.000124308,1072
0.000128972,1072
0.00016726,1072
