queueingTime:vector MyClientServer.client1.ppp[0].ppp.queue (#0 - General-0-20220119-15:32:49-60152),
0,0
0.0001634,0
0.0011716,0
0.0021044,0.000932799999999999
0.0030372,0.000932799999999999
0.0031124,0.000075199999999999
0.0031876,0.000075199999999999
0.0041204,0.001007999999999999
0.0050532,0.001865599999999999
0.005986,0.002798399999999999
0.0069188,0.002798399999999999
0.006994,0.001940799999999999
0.0070692,0.001083199999999999
0.0071444,0.0002256
0.0072196,0.0002256
0.0081524,0.001158399999999999
0.0090852,0.002015999999999999
0.010018,0.002948799999999999
0.0109508,0.003806399999999999
0.0118836,0.004739199999999998
0.0128164,0.005596799999999998
0.0137492,0.006529599999999999
0.014682,0.006529599999999999
0.0147572,0.005671999999999999
0.0148324,0.004814399999999999
0.0149076,0.003956799999999999
0.0149828,0.003099199999999999
0.015058,0.002241599999999999
0.0151332,0.001383999999999999
0.0152084,0.0005264
0.0152836,0.0005264
0.0162164,0.001459199999999999
0.0171492,0.002316799999999999
0.018082,0.0032496
0.0190148,0.0041072
0.0199476,0.005039999999999999
0.0208804,0.005897599999999999
0.0218132,0.006755199999999999
0.022746,0.007612799999999999
0.0236788,0.008470399999999999
0.0246116,0.009327999999999999
0.0255444,0.009327999999999999
0.0256196,0.008470399999999999
0.0256948,0.007612799999999999
0.02577,0.006755199999999999
0.0258452,0.005897599999999999
0.0259204,0.005039999999999999
0.0259956,0.004182399999999999
0.0260708,0.0033248
0.026146,0.0024672
0.0262212,0.0016096
0.0262964,0.000751999999999999
0.0263716,0.000751999999999999
0.0273044,0.0016096
0.0282372,0.0024672
0.02917,0.0033248
0.0301028,0.004182399999999999
0.0310356,0.005039999999999999
0.0319684,0.005897599999999999
0.0329012,0.006604799999999999
0.033834,0.006529599999999999
0.0339092,0.005671999999999999
0.0339844,0.004814399999999999
0.0340596,0.003956799999999999
0.0341348,0.003099199999999999
0.03421,0.002241599999999999
0.0342852,0.001383999999999999
0.0343604,0.0005264
0.0344356,0.000375999999999999
0.0353684,0
